138 | 1 | 0.0167 | 0.981
908 | 1 | 0.0209 | 0.955
1053 | 1 | 0.0193 | 0.952
1081 | 1 | 0.0229 | 0.972
1322 | 1 | 0.0301 | 0.958
2082 | 1 | 0.0213 | 0.956
2973 | 1 | 0.017 | 0.963
4834 | 1 | 0.0209 | 0.97
4944 | 1 | 0.0262 | 0.988
7443 | 1 | 0.0173 | 1
7446 | 1 | 0.0177 | 0.982
8429 | 1 | 0.0196 | 0.952
8070 | 1285 | 0.0177 | 0.982
7446 | 4782 | 0.0177 | 0.982
274 1010 | 1 | 0.0209 | 0.955
274 4834 | 1 | 0.0183 | 0.966
326 1010 | 1 | 0.0183 | 0.966
649 1010 | 1 | 0.0196 | 0.968
649 4834 | 1 | 0.0167 | 1
1010 1285 | 1 | 0.0216 | 0.985
1010 4834 | 1 | 0.0164 | 0.98
1 3533 | 1285 | 0.0239 | 0.973
1285 4834 | 1 | 0.0203 | 1
1 4834 | 1285 | 0.0203 | 0.969
4355 4782 | 1 | 0.0206 | 0.969
4355 7443 | 1 | 0.0164 | 1
4782 7443 | 1 | 0.0164 | 1
4782 7446 | 1 | 0.0173 | 0.981
1 7446 | 4782 | 0.0173 | 0.981
7446 | 1 4782 | 0.0173 | 0.964
14 436 | 3850 | 0.0173 | 0.981
15 3533 | 1285 | 0.017 | 0.981
436 3850 | 1774 | 0.02 | 0.953
436 1774 | 3850 | 0.02 | 0.984
436 4000 | 1774 | 0.0187 | 0.966
436 4000 | 3850 | 0.019 | 0.983
649 4834 | 1285 | 0.0164 | 0.98
1950 4000 | 1774 | 0.0167 | 0.981
144 649 1285 | 1 | 0.0164 | 0.98
274 1010 1285 | 1 | 0.0183 | 0.982
274 1285 4834 | 1 | 0.018 | 1
1 274 4834 | 1285 | 0.018 | 0.982
649 1010 1285 | 1 | 0.0177 | 0.982
649 1285 4834 | 1 | 0.0164 | 1
1 649 4834 | 1285 | 0.0164 | 0.98
649 4834 | 1 1285 | 0.0164 | 0.98
14 436 1774 | 3850 | 0.0164 | 0.98
436 3850 4000 | 1774 | 0.0183 | 0.966
436 1774 4000 | 3850 | 0.0183 | 0.982
